<class 'tuple'>
(array([[-0.38158482],
       [-0.37905977],
       [-0.38211492],
       [-0.37859207],
       [-0.37680561],
       [-0.29436348],
       [-0.30187261],
       [-0.330507  ],
       [-0.3324927 ],
       [-0.35605532],
       [-0.36233294],
       [-0.33786547],
       [-0.33864252],
       [-0.36188509],
       [-0.24615472],
       [-0.24232102],
       [-0.39258137],
       [-0.26180233],
       [-0.07655813],
       [-0.20959257],
       [-0.25398053],
       [-0.41036085],
       [-0.37945506],
       [-0.39534753],
       [-0.3633847 ],
       [-0.5025134 ],
       [-0.50640049],
       [-0.36509029],
       [-0.4480612 ],
       [-0.3650902 ],
       [-0.42464993],
       [-0.41802904],
       [-0.42458209],
       [-0.39477116],
       [-0.38950262],
       [-0.38807303],
       [-0.38885521],
       [-0.388003  ],
       [-0.39208724],
       [-0.32041809],
       [-0.43623419],
       [-0.4439169 ],
       [-0.44207127],
       [-0.45686278],
       [-0.37797042],
       [-0.27410698],
       [-0.27418424],
       [-0.19316169],
       [-0.47448627],
       [-0.41195162],
       [-0.35108674],
       [-0.35618995],
       [-0.38533567],
       [-0.46428269],
       [-0.471696  ],
       [-0.32104659],
       [-0.32362664],
       [-0.31163417],
       [-0.32265544],
       [-0.3276478 ],
       [-0.31436384],
       [-0.30579274],
       [-0.31525184],
       [-0.30655143],
       [-0.31460542],
       [-0.30226336],
       [-0.29901255],
       [-0.30690464],
       [-0.31270535],
       [-0.29264429],
       [-0.32574835],
       [-0.32793947],
       [-0.31166283],
       [-0.31011839],
       [-0.38472058],
       [-0.38586091],
       [-0.38545017],
       [-0.38405188],
       [-0.16498286],
       [-0.21213498],
       [-0.16419328],
       [-0.16613948],
       [-0.17194025],
       [-0.19279504],
       [-0.19008109],
       [-0.34640589],
       [-0.3370851 ],
       [-0.33092581],
       [-0.34909834],
       [-0.33774655],
       [-0.38342919],
       [-0.41037143],
       [-0.39511711],
       [-0.4136368 ],
       [-0.39657484],
       [-0.41037428],
       [-0.40070651],
       [-0.40887815],
       [-0.39575412],
       [-0.39806419],
       [-0.41069833],
       [-0.40053745],
       [-0.40030436],
       [-0.39157072],
       [-0.41261549],
       [-0.38997923],
       [-0.39570172],
       [-0.40228084],
       [-0.40117712],
       [-0.40314467],
       [-0.40400475],
       [-0.40578571],
       [-0.40341202],
       [-0.40791311],
       [-0.40695242],
       [-0.39880977],
       [-0.40455376],
       [-0.40681457],
       [-0.40614382],
       [-0.40349663],
       [-0.40103323],
       [-0.40217486],
       [-0.35309659],
       [-0.42122272],
       [-0.36639818],
       [-0.27121827],
       [-0.47384233],
       [-0.43238631],
       [-0.41781941],
       [-0.28262894],
       [-0.42840426],
       [-0.3824541 ],
       [-0.43038319],
       [-0.33894697],
       [-0.25350143],
       [-0.35412551],
       [-0.52691838],
       [-0.31515904],
       [-0.36725819],
       [-0.28594535],
       [-0.34216466],
       [-0.45013804],
       [-0.23216942],
       [-0.46831583],
       [-0.41172289],
       [-0.21833921],
       [-0.43026838],
       [-0.13894062],
       [-0.40376004]]), array([[1.17042154, 1.17042154],
       [1.16779635, 1.16779635],
       [1.17097638, 1.17097638],
       [1.1673133 , 1.1673133 ],
       [1.16547735, 1.16547735],
       [1.09487036, 1.09487036],
       [1.10026382, 1.10026382],
       [1.12263039, 1.12263039],
       [1.12429206, 1.12429206],
       [1.14518074, 1.14518074],
       [1.15112572, 1.15112572],
       [1.12886321, 1.12886321],
       [1.1295335 , 1.1295335 ],
       [1.15069611, 1.15069611],
       [1.06450036, 1.06450036],
       [1.06238255, 1.06238255],
       [1.18220097, 1.18220097],
       [1.07358394, 1.07358394],
       [1.0058957 , 1.0058957 ],
       [1.04594748, 1.04594748],
       [1.06895407, 1.06895407],
       [1.20249546, 1.20249546],
       [1.16820539, 1.16820539],
       [1.18525496, 1.18525496],
       [1.15213803, 1.15213803],
       [1.33782793, 1.33782793],
       [1.34488401, 1.34488401],
       [1.15378969, 1.15378969],
       [1.25118681, 1.25118681],
       [1.1537896 , 1.1537896 ],
       [1.21999955, 1.21999955],
       [1.21175149, 1.21175149],
       [1.21991381, 1.21991381],
       [1.18461554, 1.18461554],
       [1.17884533, 1.17884533],
       [1.17730256, 1.17730256],
       [1.17814546, 1.17814546],
       [1.17722723, 1.17722723],
       [1.18165933, 1.18165933],
       [1.11441442, 1.11441442],
       [1.23502573, 1.23502573],
       [1.2454265 , 1.2454265 ],
       [1.24289531, 1.24289531],
       [1.26378089, 1.26378089],
       [1.16667279, 1.16667279],
       [1.08123846, 1.08123846],
       [1.08128799, 1.08128799],
       [1.03875754, 1.03875754],
       [1.29055109, 1.29055109],
       [1.20438996, 1.20438996],
       [1.14059147, 1.14059147],
       [1.1453065 , 1.1453065 ],
       [1.17437547, 1.17437547],
       [1.27479219, 1.27479219],
       [1.28616886, 1.28616886],
       [1.11491534, 1.11491534],
       [1.11698671, 1.11698671],
       [1.10756181, 1.10756181],
       [1.11620414, 1.11620414],
       [1.12026377, 1.12026377],
       [1.10966192, 1.10966192],
       [1.10315516, 1.10315516],
       [1.11035079, 1.11035079],
       [1.10372082, 1.10372082],
       [1.10984905, 1.10984905],
       [1.10054968, 1.10054968],
       [1.09818729, 1.09818729],
       [1.10398484, 1.10398484],
       [1.10838281, 1.10838281],
       [1.09366195, 1.09366195],
       [1.11870837, 1.11870837],
       [1.12050379, 1.12050379],
       [1.10758373, 1.10758373],
       [1.10640694, 1.10640694],
       [1.17372259, 1.17372259],
       [1.17493438, 1.17493438],
       [1.1744972 , 1.1744972 ],
       [1.17301481, 1.17301481],
       [1.02798097, 1.02798097],
       [1.04712179, 1.04712179],
       [1.02770638, 1.02770638],
       [1.02838584, 1.02838584],
       [1.03046407, 1.03046407],
       [1.03860487, 1.03860487],
       [1.03748519, 1.03748519],
       [1.13635981, 1.13635981],
       [1.1281924 , 1.1281924 ],
       [1.12297962, 1.12297962],
       [1.1387831 , 1.1387831 ],
       [1.12876083, 1.12876083],
       [1.17235761, 1.17235761],
       [1.20250801, 1.20250801],
       [1.18499914, 1.18499914],
       [1.20641145, 1.20641145],
       [1.18662194, 1.18662194],
       [1.2025114 , 1.2025114 ],
       [1.19127847, 1.19127847],
       [1.20074158, 1.20074158],
       [1.18570699, 1.18570699],
       [1.18829072, 1.18829072],
       [1.20289627, 1.20289627],
       [1.19108627, 1.19108627],
       [1.1908215 , 1.1908215 ],
       [1.1810944 , 1.1810944 ],
       [1.20518453, 1.20518453],
       [1.17936183, 1.17936183],
       [1.1856487 , 1.1856487 ],
       [1.19307521, 1.19307521],
       [1.19181426, 1.19181426],
       [1.19406639, 1.19406639],
       [1.19505701, 1.19505701],
       [1.19712027, 1.19712027],
       [1.19437391, 1.19437391],
       [1.1996062 , 1.1996062 ],
       [1.19848072, 1.19848072],
       [1.18913025, 1.18913025],
       [1.19569132, 1.19569132],
       [1.19831961, 1.19831961],
       [1.1975371 , 1.1975371 ],
       [1.19447131, 1.19447131],
       [1.19165033, 1.19165033],
       [1.19295386, 1.19295386],
       [1.14243569, 1.14243569],
       [1.21569991, 1.21569991],
       [1.1550647 , 1.1550647 ],
       [1.07939996, 1.07939996],
       [1.2895348 , 1.2895348 ],
       [1.22994864, 1.22994864],
       [1.21149427, 1.21149427],
       [1.08681372, 1.08681372],
       [1.22478506, 1.22478506],
       [1.17133207, 1.17133207],
       [1.22733977, 1.22733977],
       [1.12979676, 1.12979676],
       [1.06867632, 1.06867632],
       [1.14338621, 1.14338621],
       [1.384357  , 1.384357  ],
       [1.11027867, 1.11027867],
       [1.15590711, 1.15590711],
       [1.08904553, 1.08904553],
       [1.13260115, 1.13260115],
       [1.2541139 , 1.2541139 ],
       [1.05697367, 1.05697367],
       [1.2809341 , 1.2809341 ],
       [1.20411674, 1.20411674],
       [1.0500584 , 1.0500584 ],
       [1.22719093, 1.22719093],
       [1.0196845 , 1.0196845 ],
       [1.19477477, 1.19477477]]), array([[22.90850305],
       [22.78713322],
       [22.75568161],
       [22.81544855],
       [22.80392191],
       [21.78697315],
       [21.87724399],
       [22.06491445],
       [22.10294069],
       [22.10999966],
       [22.11049482],
       [22.28406165],
       [22.09255584],
       [22.19713965],
       [21.40935479],
       [19.07967403],
       [17.63752225],
       [21.10202849],
       [19.97782214],
       [20.94433298],
       [21.73083239],
       [15.80767337],
       [16.14424933],
       [16.12458173],
       [16.12250405],
       [16.63146456],
       [15.74851671],
       [16.34190328],
       [17.82049605],
       [19.41096304],
       [20.20715849],
       [19.81355048],
       [19.83799509],
       [18.44262019],
       [17.29619927],
       [18.01620241],
       [18.8288319 ],
       [18.61626958],
       [18.18174137],
       [18.24766947],
       [18.48045264],
       [17.1799825 ],
       [16.75371754],
       [16.6938795 ],
       [22.9334198 ],
       [21.87107794],
       [21.69675181],
       [20.4879316 ],
       [18.03521119],
       [16.14148558],
       [18.68754614],
       [19.3171221 ],
       [23.34653989],
       [15.91190133],
       [15.45997155],
       [21.99652059],
       [22.01908179],
       [21.95407228],
       [22.04410565],
       [22.05335258],
       [21.93861096],
       [21.96786257],
       [22.014584  ],
       [21.92566703],
       [21.94520489],
       [21.80198982],
       [21.76376247],
       [21.86380037],
       [21.85942531],
       [21.68067173],
       [22.05731163],
       [22.0921017 ],
       [22.08710558],
       [22.07224028],
       [23.19975515],
       [23.22462917],
       [23.16680979],
       [23.09964956],
       [20.14632283],
       [18.1726084 ],
       [20.29737492],
       [20.46443753],
       [19.11566642],
       [20.6360841 ],
       [20.62831026],
       [22.22114281],
       [22.14366866],
       [22.11866937],
       [22.16353962],
       [22.08710834],
       [23.13934189],
       [19.66085012],
       [19.44018325],
       [19.5425292 ],
       [19.28687366],
       [19.47953482],
       [19.39708301],
       [19.28984866],
       [19.18882253],
       [19.61452001],
       [19.49134652],
       [19.28097132],
       [19.50829942],
       [19.25474724],
       [19.75634728],
       [19.0939695 ],
       [19.13717343],
       [19.44422003],
       [19.31780063],
       [19.10448325],
       [19.3812489 ],
       [19.50952473],
       [19.25593036],
       [19.55342053],
       [19.67031799],
       [19.16484814],
       [19.44690212],
       [19.19650815],
       [19.47061617],
       [19.60440213],
       [19.34333394],
       [19.34785065],
       [18.58623229],
       [19.37778783],
       [22.81905203],
       [22.04806198],
       [16.4804336 ],
       [19.05322935],
       [20.45240436],
       [15.88565238],
       [17.07517382],
       [19.67932499],
       [19.7720436 ],
       [22.18329143],
       [19.13101526],
       [20.70602043],
       [20.02243666],
       [16.7933409 ],
       [22.45837622],
       [21.57040273],
       [16.95201539],
       [15.64145651],
       [21.47075142],
       [20.80904408],
       [18.68760992],
       [16.92358939],
       [18.19433626],
       [18.81906133],
       [19.4847898 ]]), array([[9.96184645e-01, 2.11541468e-01, 9.94397865e-01],
       [9.96120983e-01, 2.08055475e-01, 9.94302637e-01],
       [9.96120208e-01, 2.07135416e-01, 9.94312082e-01],
       [9.96130656e-01, 2.08946574e-01, 9.94312958e-01],
       [9.96116613e-01, 2.08665147e-01, 9.94286295e-01],
       [9.95175282e-01, 1.41128456e-01, 9.93127041e-01],
       [9.95226020e-01, 1.46585120e-01, 9.93153007e-01],
       [9.95487786e-01, 1.69861378e-01, 9.93403300e-01],
       [9.95599471e-01, 1.76068217e-01, 9.93567069e-01],
       [9.95705812e-01, 1.59110261e-01, 9.93947406e-01],
       [9.95714806e-01, 1.69221589e-01, 9.93870873e-01],
       [9.95824729e-01, 1.45335565e-01, 9.94281150e-01],
       [9.95542275e-01, 1.47988627e-01, 9.93736933e-01],
       [9.95716635e-01, 1.80903102e-01, 9.93753417e-01],
       [9.94275293e-01, 7.49712062e-02, 9.92461491e-01],
       [9.91430859e-01, 1.49798605e-02, 9.90082496e-01],
       [9.92024797e-01, 9.28018302e-02, 9.88420545e-01],
       [9.94291528e-01, 8.50938424e-02, 9.92345076e-01],
       [9.92756113e-01, 1.44572767e-02, 9.93544091e-01],
       [9.94179665e-01, 4.77697703e-02, 9.92818240e-01],
       [9.94781022e-01, 9.96617496e-02, 9.92926813e-01],
       [9.92999704e-01, 2.04261340e-01, 9.88426328e-01],
       [9.92969995e-01, 1.40432230e-01, 9.89624795e-01],
       [9.93238392e-01, 1.53669113e-01, 9.89976058e-01],
       [9.92633571e-01, 1.24954752e-01, 9.89231128e-01],
       [9.94912776e-01, 3.01142775e-01, 9.91902550e-01],
       [9.94426647e-01, 3.32002955e-01, 9.90447258e-01],
       [9.91729839e-01, 1.68801803e-01, 9.85595798e-01],
       [9.93178992e-01, 2.17889238e-01, 9.87608538e-01],
       [9.91509738e-01, 1.45239420e-01, 9.84863655e-01],
       [9.93226719e-01, 2.52140736e-01, 9.85633306e-01],
       [9.92858374e-01, 2.32206146e-01, 9.85234672e-01],
       [9.93032749e-01, 2.45881759e-01, 9.85297310e-01],
       [9.92000643e-01, 1.92620205e-01, 9.84523481e-01],
       [9.91852596e-01, 1.92146795e-01, 9.84565531e-01],
       [9.91827134e-01, 1.84851505e-01, 9.84483718e-01],
       [9.91916006e-01, 1.80846180e-01, 9.84633815e-01],
       [9.91873763e-01, 1.80884211e-01, 9.84575742e-01],
       [9.91909344e-01, 1.89323206e-01, 9.84479645e-01],
       [9.90316862e-01, 1.06886544e-01, 9.83959063e-01],
       [9.92835569e-01, 2.61696433e-01, 9.84460099e-01],
       [9.92741282e-01, 2.76842657e-01, 9.84200233e-01],
       [9.92721070e-01, 2.77007975e-01, 9.84434824e-01],
       [9.92893338e-01, 2.99944163e-01, 9.84212036e-01],
       [9.96180766e-01, 2.12143523e-01, 9.94381877e-01],
       [9.95025071e-01, 1.23434964e-01, 9.93046308e-01],
       [9.95044127e-01, 1.25508922e-01, 9.93073502e-01],
       [9.93942216e-01, 3.29601586e-02, 9.92793499e-01],
       [9.95321050e-01, 2.53277476e-01, 9.92962918e-01],
       [9.92626355e-01, 2.35796118e-01, 9.86133653e-01],
       [9.91242618e-01, 1.41696887e-01, 9.84494551e-01],
       [9.91368844e-01, 1.39020857e-01, 9.84788968e-01],
       [9.96377325e-01, 2.21107084e-01, 9.94692333e-01],
       [9.93069224e-01, 3.16639587e-01, 9.85074152e-01],
       [9.93337084e-01, 3.23018071e-01, 9.86560570e-01],
       [9.95386548e-01, 1.61722192e-01, 9.93290935e-01],
       [9.95388798e-01, 1.62260009e-01, 9.93286968e-01],
       [9.95254474e-01, 1.50571129e-01, 9.93154701e-01],
       [9.95349192e-01, 1.58803563e-01, 9.93241817e-01],
       [9.95411032e-01, 1.64185006e-01, 9.93307438e-01],
       [9.95293279e-01, 1.54065775e-01, 9.93194113e-01],
       [9.95200039e-01, 1.45060413e-01, 9.93109574e-01],
       [9.95278843e-01, 1.52492680e-01, 9.93174711e-01],
       [9.95232551e-01, 1.48078783e-01, 9.93143143e-01],
       [9.95341502e-01, 1.57421277e-01, 9.93252979e-01],
       [9.95249884e-01, 1.48278757e-01, 9.93189086e-01],
       [9.95231901e-01, 1.46158342e-01, 9.93182174e-01],
       [9.95282492e-01, 1.51670753e-01, 9.93208333e-01],
       [9.95366254e-01, 1.58106898e-01, 9.93305452e-01],
       [9.95193785e-01, 1.41734207e-01, 9.93167783e-01],
       [9.95320627e-01, 1.53274053e-01, 9.93245385e-01],
       [9.95374358e-01, 1.49132821e-01, 9.93395680e-01],
       [9.95226452e-01, 1.39170276e-01, 9.93219128e-01],
       [9.95202762e-01, 1.41690274e-01, 9.93144305e-01],
       [9.96316027e-01, 2.18478806e-01, 9.94595373e-01],
       [9.96329151e-01, 2.19021532e-01, 9.94616936e-01],
       [9.96305050e-01, 2.17790161e-01, 9.94580459e-01],
       [9.96273235e-01, 2.16319967e-01, 9.94530344e-01],
       [9.92156711e-01, 1.29805514e-03, 9.91841487e-01],
       [9.89750253e-01, 1.78687188e-03, 9.89180278e-01],
       [9.92706505e-01, 2.36842593e-03, 9.92327604e-01],
       [9.92749114e-01, 3.65165364e-03, 9.92275340e-01],
       [9.90730069e-01, 1.10025905e-05, 9.90693306e-01],
       [9.93175023e-01, 1.44680017e-02, 9.92272089e-01],
       [9.93344795e-01, 1.53023657e-02, 9.92457281e-01],
       [9.95620363e-01, 1.79477094e-01, 9.93562201e-01],
       [9.95509809e-01, 1.71670914e-01, 9.93420660e-01],
       [9.95420474e-01, 1.63585424e-01, 9.93326124e-01],
       [9.95593946e-01, 1.75803807e-01, 9.93551085e-01],
       [9.95443104e-01, 1.62644671e-01, 9.93386538e-01],
       [9.96287524e-01, 2.17176787e-01, 9.94550283e-01],
       [9.92608174e-01, 2.16225074e-01, 9.85078789e-01],
       [9.92170345e-01, 1.88273141e-01, 9.84902428e-01],
       [9.92646420e-01, 2.22083808e-01, 9.85005699e-01],
       [9.92161257e-01, 1.90786659e-01, 9.84814603e-01],
       [9.92603789e-01, 2.20552822e-01, 9.84944483e-01],
       [9.92292267e-01, 1.98177346e-01, 9.84880655e-01],
       [9.92500695e-01, 2.16535361e-01, 9.84828313e-01],
       [9.92132773e-01, 1.90483639e-01, 9.84769778e-01],
       [9.92299322e-01, 1.93866418e-01, 9.85017266e-01],
       [9.92559868e-01, 2.16513284e-01, 9.84960080e-01],
       [9.92269831e-01, 1.98859017e-01, 9.84817493e-01],
       [9.92314543e-01, 1.97416190e-01, 9.84948876e-01],
       [9.92033289e-01, 1.82174417e-01, 9.84797639e-01],
       [9.92698326e-01, 2.20878665e-01, 9.85161690e-01],
       [9.91988763e-01, 1.81590515e-01, 9.84737378e-01],
       [9.92153428e-01, 1.92704234e-01, 9.84756833e-01],
       [9.92342026e-01, 2.00895525e-01, 9.84910793e-01],
       [9.92293011e-01, 1.99852551e-01, 9.84837820e-01],
       [9.92314089e-01, 2.05674716e-01, 9.84731378e-01],
       [9.92401128e-01, 2.06705758e-01, 9.84879098e-01],
       [9.92495284e-01, 2.11197957e-01, 9.84959296e-01],
       [9.92363898e-01, 2.06491354e-01, 9.84807975e-01],
       [9.92511751e-01, 2.11338669e-01, 9.84993910e-01],
       [9.92530228e-01, 2.09958380e-01, 9.85074906e-01],
       [9.92231983e-01, 1.98142577e-01, 9.84765219e-01],
       [9.92428917e-01, 2.07401826e-01, 9.84919492e-01],
       [9.92424035e-01, 2.12439909e-01, 9.84776174e-01],
       [9.92442887e-01, 2.07959279e-01, 9.84934299e-01],
       [9.92423664e-01, 2.03409550e-01, 9.85018878e-01],
       [9.92334753e-01, 2.02388225e-01, 9.84857155e-01],
       [9.92315683e-01, 2.00977437e-01, 9.84853449e-01],
       [9.91004493e-01, 1.29126332e-01, 9.84481161e-01],
       [9.93171559e-01, 2.43533809e-01, 9.86085543e-01],
       [9.96103319e-01, 2.07145504e-01, 9.94268419e-01],
       [9.94934711e-01, 1.14696539e-01, 9.92973983e-01],
       [9.94560317e-01, 2.58673721e-01, 9.91503617e-01],
       [9.92951579e-01, 2.58964478e-01, 9.84758942e-01],
       [9.93232279e-01, 2.44081473e-01, 9.85888316e-01],
       [9.90688904e-01, 4.35045096e-02, 9.88055345e-01],
       [9.92530013e-01, 2.53630135e-01, 9.84444555e-01],
       [9.91987029e-01, 1.70106064e-01, 9.85054206e-01],
       [9.93173679e-01, 2.59859617e-01, 9.85280743e-01],
       [9.95625119e-01, 1.79435727e-01, 9.93577138e-01],
       [9.91743470e-01, 2.12212375e-02, 9.90199935e-01],
       [9.95245556e-01, 1.38246846e-01, 9.93419858e-01],
       [9.95419086e-01, 4.12894601e-01, 9.89856336e-01],
       [9.89691084e-01, 9.05893805e-02, 9.83767399e-01],
       [9.95896506e-01, 1.95827843e-01, 9.93964112e-01],
       [9.94861602e-01, 1.12005176e-01, 9.92919300e-01],
       [9.90635671e-01, 1.29106046e-01, 9.84037537e-01],
       [9.93637701e-01, 2.48203318e-01, 9.89451114e-01],
       [9.94388600e-01, 6.76563608e-02, 9.92764109e-01],
       [9.94551295e-01, 3.41874026e-01, 9.87544633e-01],
       [9.92391717e-01, 2.19668498e-01, 9.84551246e-01],
       [9.88538260e-01, 4.05492363e-03, 9.87501083e-01],
       [9.92653948e-01, 2.51304313e-01, 9.84357233e-01],
       [9.90983268e-01, 4.69094129e-03, 9.91649534e-01],
       [9.92389802e-01, 2.03599759e-01, 9.84938824e-01]]))
